<?xml version="1.0"?>
<opencv_storage>
<header>
  <fiename>C0.xml</fiename>
  <fps>-1.</fps>
  <width>640.</width>
  <height>480.</height></header>
<rgb>
  <_>
    1.1132961825246797e+02 1.1717501575299306e+02 1.6241279405587062e+02
    0.</_>
  <_>
    1.0981118281947457e+02 1.1594930971103219e+02 1.6316175840577105e+02
    0.</_>
  <_>
    1.1567993848519801e+02 1.2076376778162246e+02 1.6414992695117263e+02
    0.</_>
  <_>
    1.1230988429752065e+02 1.1585881652892562e+02 1.5577733553719008e+02
    0.</_>
  <_>
    1.1567871581450655e+02 1.1833910820451842e+02 1.4975854934601665e+02
    0.</_>
  <_>
    1.1560389042782396e+02 1.1793963681132657e+02 1.4957732225300091e+02
    0.</_>
  <_>
    1.1471100030778702e+02 1.1729122807017545e+02 1.4954954755309328e+02
    0.</_>
  <_>
    1.1753448680919279e+02 1.2069258302124072e+02 1.5296155387570653e+02
    0.</_>
  <_>
    1.1969356401384084e+02 1.2386502114571320e+02 1.5935035755478663e+02
    0.</_>
  <_>
    1.1646481481481482e+02 1.2011724279835391e+02 1.5215497942386833e+02
    0.</_>
  <_>
    1.1877436370626684e+02 1.2300092272203000e+02 1.5673842368319879e+02
    0.</_>
  <_>
    1.1780969798609203e+02 1.2219900533475979e+02 1.5339646373375356e+02
    0.</_>
  <_>
    1.1953765474817379e+02 1.2386888119953865e+02 1.5750912725874664e+02
    0.</_>
  <_>
    1.1728376493894095e+02 1.1956468870961436e+02 1.4660524703827758e+02
    0.</_>
  <_>
    1.1802893771077167e+02 1.2061324637968657e+02 1.4701614263043047e+02
    0.</_>
  <_>
    1.1743715387402308e+02 1.2003998240256715e+02 1.4696717302417059e+02
    0.</_>
  <_>
    1.1774200535601764e+02 1.2022360060911572e+02 1.4811885633270322e+02
    0.</_>
  <_>
    1.1764391581632654e+02 1.2009866071428571e+02 1.4651253826530612e+02
    0.</_>
  <_>
    1.1695317943982765e+02 1.1910775007694676e+02 1.4563023699599879e+02
    0.</_>
  <_>
    1.1528199187363039e+02 1.1711262783053324e+02 1.4106475986121256e+02
    0.</_>
  <_>
    1.1798937432106781e+02 1.2039202637066263e+02 1.4700859044313202e+02
    0.</_>
  <_>
    1.1779767754043451e+02 1.2049446754160748e+02 1.4709543979460179e+02
    0.</_>
  <_>
    1.1812723704758088e+02 1.2067496303257279e+02 1.4948121225522036e+02
    0.</_>
  <_>
    1.2057227220299886e+02 1.2400735101883892e+02 1.5437317954632834e+02
    0.</_>
  <_>
    1.2048338331410997e+02 1.2352835063437141e+02 1.5468592079969244e+02
    0.</_>
  <_>
    1.1760300685854442e+02 1.2172874683946766e+02 1.5419570319005587e+02
    0.</_>
  <_>
    1.1882368319876971e+02 1.2305262591311036e+02 1.5636202998846599e+02
    0.</_>
  <_>
    1.1688995497201532e+02 1.2067000519014154e+02 1.5161456886756721e+02
    0.</_>
  <_>
    1.1805700884275279e+02 1.2204447520184546e+02 1.5662551326412921e+02
    0.</_>
  <_>
    1.1443778789917705e+02 1.1731611976605765e+02 1.4750293721857045e+02
    0.</_>
  <_>
    1.1497147443519620e+02 1.1770946492271106e+02 1.4690760998810939e+02
    0.</_>
  <_>
    1.1361915816326531e+02 1.1807741071428572e+02 1.4972627551020409e+02
    0.</_>
  <_>
    1.1405617346938776e+02 1.1850183673469388e+02 1.5099576530612245e+02
    0.</_>
  <_>
    1.1438095709197808e+02 1.1913139521736673e+02 1.5346499236813838e+02
    0.</_>
  <_>
    1.1616170703575550e+02 1.2141654748173781e+02 1.5930817377931567e+02
    0.</_>
  <_>
    1.1624326028450598e+02 1.2089957708573627e+02 1.5916455209534797e+02
    0.</_>
  <_>
    1.1421687121539793e+02 1.1859588559688582e+02 1.5401982861159169e+02
    0.</_>
  <_>
    1.1546985005767014e+02 1.2050239138792773e+02 1.6050574394463669e+02
    0.</_>
  <_>
    1.1129778431668427e+02 1.1524933353453046e+02 1.5055329208792315e+02
    0.</_>
  <_>
    1.1358045267489712e+02 1.1803866941015089e+02 1.5519201646090534e+02
    0.</_>
  <_>
    1.1512132256824300e+02 1.2037860822760479e+02 1.6188495194156096e+02
    0.</_>
  <_>
    1.1316482142857143e+02 1.1723890306122449e+02 1.5436494897959184e+02
    0.</_>
  <_>
    1.1282578875171468e+02 1.1727676268861454e+02 1.5616438957475995e+02
    0.</_>
  <_>
    1.1582051518646675e+02 1.2064650519031143e+02 1.6391966166858901e+02
    0.</_>
  <_>
    1.1244154029294549e+02 1.1629879405827855e+02 1.5587045183996688e+02
    0.</_>
  <_>
    1.1255289395143947e+02 1.1621714084635535e+02 1.5580590128895201e+02
    0.</_>
  <_>
    1.1166389891245989e+02 1.1575919289790109e+02 1.5631272709111113e+02
    0.</_>
  <_>
    1.1240373975152156e+02 1.1636453146220009e+02 1.5655736632966151e+02
    0.</_>
  <_>
    1.1127205357142857e+02 1.1556210459183674e+02 1.5620080357142857e+02
    0.</_>
  <_>
    1.1319245011023800e+02 1.1731472949290520e+02 1.6164484990672170e+02
    0.</_>
  <_>
    1.1420744329104193e+02 1.1910049980776625e+02 1.6583441753171860e+02
    0.</_>
  <_>
    1.1225639231824417e+02 1.1626821673525377e+02 1.5993795610425241e+02
    0.</_>
  <_>
    1.1417018069973089e+02 1.1889144175317188e+02 1.6783283352556711e+02
    0.</_>
  <_>
    1.1211315960207612e+02 1.1571549253892734e+02 1.6116606293252596e+02
    0.</_>
  <_>
    1.1387092656670512e+02 1.1841467128027683e+02 1.6740026143790851e+02
    0.</_>
  <_>
    1.1319089580930412e+02 1.1793314878892735e+02 1.6772799692425991e+02
    0.</_>
  <_>
    1.0958216496449994e+02 1.1295237125992266e+02 1.5726416110918211e+02
    0.</_>
  <_>
    1.1023533277127554e+02 1.1354517952787145e+02 1.5829165840111088e+02
    0.</_>
  <_>
    1.0962577921040013e+02 1.1350623368320102e+02 1.6005338590228567e+02
    0.</_>
  <_>
    1.1347120338331412e+02 1.1819926182237602e+02 1.6739870818915804e+02
    0.</_>
  <_>
    1.1054969980849852e+02 1.1461822628228352e+02 1.6060385073236375e+02
    0.</_>
  <_>
    1.1106614795918368e+02 1.1473054846938776e+02 1.6013395408163265e+02
    0.</_>
  <_>
    1.1075801524653980e+02 1.1500333855968859e+02 1.6214622080449828e+02
    0.</_>
  <_>
    1.1291507881584008e+02 1.1764955017301040e+02 1.6694336024605923e+02
    0.</_>
  <_>
    1.0942434333209015e+02 1.1325632692205231e+02 1.6015610847674355e+02
    0.</_>
  <_>
    1.1272930411380240e+02 1.1778292964244523e+02 1.6683793925413303e+02
    0.</_>
  <_>
    1.1160975902890451e+02 1.1639934499128658e+02 1.6611684994892133e+02
    0.</_>
  <_>
    1.0909060447498453e+02 1.1278847624713181e+02 1.5732349548980807e+02
    0.</_>
  <_>
    1.0884100765306123e+02 1.1298385204081633e+02 1.5922577806122450e+02
    0.</_>
  <_>
    1.1106368622448980e+02 1.1541410714285715e+02 1.6088130102040816e+02
    0.</_>
  <_>
    1.0880563775510204e+02 1.1285715561224490e+02 1.5903264030612246e+02
    0.</_>
  <_>
    1.0947791955471538e+02 1.1356488920394874e+02 1.5933895190086116e+02
    0.</_>
  <_>
    1.1021089746907509e+02 1.1433790952849230e+02 1.6088223953211531e+02
    0.</_>
  <_>
    1.1042245300487059e+02 1.1446019670195494e+02 1.6087579331535377e+02
    0.</_>
  <_>
    1.1257344098423684e+02 1.1739174163783161e+02 1.6783024990388313e+02
    0.</_>
  <_>
    1.0958538265306123e+02 1.1333881377551020e+02 1.5871213010204082e+02
    0.</_>
  <_>
    1.1143588401830161e+02 1.1583756658481934e+02 1.6296975673898751e+02
    0.</_>
  <_>
    1.1290645136485968e+02 1.1785942329873127e+02 1.6761903883121877e+02
    0.</_>
  <_>
    1.0890197877405276e+02 1.1287528516167427e+02 1.5832057131521523e+02
    0.</_>
  <_>
    1.0955897590664453e+02 1.1356103817715407e+02 1.5846550726824606e+02
    0.</_>
  <_>
    1.1050207301855654e+02 1.1514425257282400e+02 1.6211100377034444e+02
    0.</_>
  <_>
    1.1258356016916572e+02 1.1753683967704730e+02 1.6737150326797388e+02
    0.</_>
  <_>
    1.0837321152763975e+02 1.1233735228265945e+02 1.5707672321931011e+02
    0.</_>
  <_>
    1.0945203405620826e+02 1.1347465193312975e+02 1.5937611924848611e+02
    0.</_>
  <_>
    1.0898226972493102e+02 1.1288997240569866e+02 1.5849051680005994e+02
    0.</_>
  <_>
    1.0988427100046580e+02 1.1406221210082293e+02 1.5971140210134050e+02
    0.</_>
  <_>
    1.1020639046418819e+02 1.1470452636000840e+02 1.6152282871245535e+02
    0.</_>
  <_>
